Column: host length
host length
0      178853
13       3530
15       3243
14       2235
12       2106
10       2000
17       1906
11       1880
16       1636
9        1380
18       1323
19       1214
20       1155
22       1137
21       1074
23        846
6         785
7         739
25        702
27        652
26        623
24        610
8         538
29        518
28        474
30        413
31        328
32        310
33        238
71        225
35        182
73        166
34        161
36        134
45        133
37        105
44         86
74         84
40         72
75         71
38         68
39         68
57         65
42         63
47         63
4          63
41         57
72         56
43         46
58         45
5          44
63         39
48         38
46         38
66         27
50         24
51         21
60         19
77         16
52         16
49         16
65         14
76         13
61         12
55         12
62         12
53         11
59          9
56          9
54          8
78          6
64          6
68          5
99          5
101         5
132         4
137         4
81          3
107         3
121         3
95          3
227         3
70          3
85          3
82          3
133         3
86          3
131         2
128         2
96          2
87          2
108         2
236         2
67          2
109         2
80          2
93          2
91          2
114         2
79          2
90          2
110         2
94          2
150         2
138         1
179         1
122         1
116         1
106         1
140         1
152         1
104         1
184         1
168         1
139         1
83          1
102         1
130         1
126         1
172         1
226         1
191         1
103         1
88          1
69          1
117         1
129         1
173         1
118         1
100         1
210         1
89          1
125         1

Column: numb of slashes
numb of slashes
2     53706
1     46185
3     39663
4     21682
0     21217
5     13844
6      6867
7      5443
8      2735
9      1503
10      810
12      610
11      296
14      202
13       97
16       49
15       32
18       18
17       10
20        5
19        3
32        3
22        2
23        2
33        1
26        1
41        1

Column: numb of dots host
numb of dots host
0     178853
1      19696
2      12198
3       2311
5        475
4        468
10       338
11       269
6        170
7        141
9         22
8         15
12        12
13         7
14         4
15         2
16         2
20         2
26         1
18         1

Column: numb of host terms
numb of host terms
1     178853
2      19696
3      12198
4       2311
6        475
5        468
11       338
12       269
7        170
8        141
10        22
9         15
13        12
14         7
15         4
16         2
17         2
21         2
27         1
19         1

Column: has specialChar
has specialChar
0    128100
1     86887

Column: has Ip Addr
has Ip Addr
0    214543
1       444

Column: has unicode
has unicode
0    214774
1       213

Column: has http
has http
0    178802
1     36185

Column: has subdomain
has subdomain
0    198549
1     16438

Column: TLD valid
TLD valid
0    191050
1     23937

Column: numb of dots path
numb of dots path
1     80475
2     73666
3     31724
0     20914
4      6004
5      1416
6       427
7       124
8        81
9        40
10       36
12       21
11       19
13       11
15       10
14        9
16        4
18        3
17        2
23        1

Column: numb of hyphens in host
numb of hyphens in host
0     209977
1       3206
2       1275
3        246
4        206
5         53
6         13
7          4
11         2
9          2
10         1
8          1
12         1

Column: URL length
URL length
31      7107
27      6630
26      4756
40      4660
35      4543
30      4499
32      4383
33      4351
34      4311
29      4283
25      4208
28      4179
36      4176
38      4112
37      4073
24      4029
39      3868
42      3824
41      3743
23      3638
44      3512
22      3428
43      3392
45      3284
21      3267
46      3222
19      3144
20      2990
47      2900
18      2730
49      2655
48      2640
17      2571
50      2508
51      2476
16      2340
15      2244
52      2229
53      2111
54      2087
55      2016
14      1965
58      1899
56      1882
57      1756
13      1627
59      1594
61      1583
60      1527
62      1353
63      1339
65      1282
12      1266
64      1248
67      1219
66      1187
69      1162
87      1111
71      1083
68      1079
70      1057
73      1002
11       969
72       920
84       910
83       889
85       871
75       850
77       847
76       834
74       817
89       810
86       793
88       773
78       766
92       757
80       756
81       750
79       738
90       726
10       705
95       677
91       658
93       645
82       640
98       613
99       605
94       603
96       561
101      549
97       535
103      507
105      492
9        472
100      471
104      461
102      458
107      439
106      421
109      413
111      391
108      372
110      361
113      358
112      351
115      309
123      296
117      283
118      258
114      253
116      249
198      237
119      234
120      219
124      217
121      216
132      215
8        196
126      193
129      180
200      178
122      176
127      176
125      172
135      168
141      146
130      145
128      143
138      142
134      139
142      133
131      130
133      128
140      125
139      123
136      122
137      117
143      113
201      104
153       96
145       90
144       88
150       86
202       85
148       82
147       81
199       80
146       75
149       66
151       65
161       65
157       65
154       64
156       64
7         63
158       62
152       61
162       61
165       61
171       58
155       57
160       54
229       54
163       49
167       47
180       46
159       46
178       46
276       44
183       44
164       44
203       43
189       42
186       41
181       41
168       40
170       40
166       39
255       39
188       37
174       37
177       36
184       35
257       35
179       34
175       33
234       31
172       31
243       30
169       30
230       30
244       30
187       30
191       29
241       29
227       29
185       29
213       28
224       27
206       27
211       27
204       26
223       26
235       25
221       25
195       24
176       24
196       24
173       24
275       23
217       23
233       22
271       22
197       22
218       22
194       22
231       21
261       21
190       21
207       21
280       20
208       20
210       20
246       19
263       19
222       19
225       19
192       18
232       18
238       18
193       18
272       18
236       18
209       18
283       18
274       17
239       17
245       17
256       17
237       17
242       17
182       17
252       17
316       16
219       16
262       16
254       16
289       16
228       16
220       16
216       16
215       15
260       15
249       14
277       14
265       14
290       13
278       13
282       13
281       13
287       13
226       13
212       13
259       13
269       12
285       12
214       12
264       12
247       11
298       10
253       10
273       10
319       10
334        9
317        9
251        9
248        9
286        9
6          9
301        9
309        9
307        9
318        8
291        8
205        8
279        8
270        8
284        8
361        8
326        8
293        8
288        7
294        7
324        7
266        7
240        7
308        7
268        7
267        7
325        7
327        6
321        6
299        6
292        6
387        6
346        6
258        6
335        6
250        5
328        5
344        5
379        5
343        5
358        5
427        5
352        4
323        4
300        4
473        4
336        4
339        4
314        4
389        4
5          4
296        4
330        4
367        4
302        3
374        3
480        3
306        3
353        3
392        3
331        3
320        3
329        3
390        3
295        3
512        3
415        3
409        3
370        3
368        3
345        3
356        3
388        3
395        3
311        3
371        3
360        3
364        3
431        2
482        2
305        2
310        2
410        2
466        2
341        2
471        2
372        2
363        2
404        2
359        2
333        2
437        2
422        2
611        2
396        2
381        2
383        2
337        2
297        2
362        2
347        2
351        2
338        2
1386       2
517        2
413        2
303        2
373        2
475        2
486        2
375        2
2          2
527        2
378        2
398        1
442        1
629        1
632        1
461        1
445        1
1641       1
1535       1
434        1
571        1
1189       1
313        1
1016       1
753        1
484        1
411        1
1779       1
1517       1
492        1
544        1
403        1
985        1
737        1
435        1
407        1
659        1
1325       1
514        1
595        1
648        1
414        1
348        1
950        1
386        1
459        1
456        1
519        1
800        1
967        1
833        1
699        1
342        1
397        1
354        1
1          1
439        1
400        1
647        1
452        1
875        1
399        1
497        1
623        1
419        1
421        1
322        1
1038       1
1316       1
380        1
315        1
332        1
567        1
468        1
710        1
355        1
4          1
416        1
472        1
470        1
405        1
536        1
1025       1

Column: target
target
0    120876
1     94111

